# MESSENGER FIPS field-of-view pixel to spherical coordinate mapping                  
# Created:                                                                            
#       X       Y         V_POLAR       V_AZIMUTH PIXEL_SOLID_ANG       PIXEL_EFF QUAL
#     [1]     [1]         Degrees         Degrees       Steradian             [1]  [1]
       14      33       7.459e+01       1.823e+02       5.686e-03       2.556e-01    0
       14      34       7.434e+01       1.855e+02       4.264e-03       6.215e-01    0
       14      35       7.440e+01       1.888e+02       5.136e-03       1.408e+00    0
       14      36       7.478e+01       1.920e+02       4.879e-03       5.908e-01    0
       15      29       7.340e+01       1.687e+02       4.776e-03       9.037e-01    0
       15      30       7.192e+01       1.719e+02       5.008e-03       8.910e-01    0
       15      31       7.077e+01       1.752e+02       4.149e-03       1.261e+00    0
       15      32       6.992e+01       1.786e+02       4.679e-03       9.865e-01    0
       15      33       6.938e+01       1.820e+02       4.398e-03       1.265e+00    0
       15      34       6.914e+01       1.855e+02       3.570e-03       1.106e+00    0
       15      35       6.920e+01       1.889e+02       4.968e-03       9.783e-01    0
       15      36       6.956e+01       1.924e+02       4.708e-03       2.642e-01    0
       15      37       7.022e+01       1.958e+02       4.749e-03       4.158e-01    0
       15      38       7.119e+01       1.991e+02       4.790e-03       1.137e+00    0
       15      39       7.248e+01       2.024e+02       5.132e-03       1.089e+00    0
       15      40       7.409e+01       2.055e+02       5.186e-03       6.860e-01    0
       16      26       7.477e+01       1.584e+02       5.084e-03       6.506e-01    0
       16      27       7.234e+01       1.613e+02       4.997e-03       8.407e-01    0
       16      28       7.028e+01       1.644e+02       4.111e-03       6.299e-01    0
       16      29       6.854e+01       1.676e+02       4.608e-03       1.694e+00    0
       16      30       6.712e+01       1.710e+02       4.285e-03       1.507e+00    0
       16      31       6.601e+01       1.745e+02       4.523e-03       1.513e+00    0
       16      32       6.520e+01       1.781e+02       4.241e-03       1.474e+00    0
       16      33       6.467e+01       1.817e+02       4.241e-03       1.260e+00    0
       16      34       6.444e+01       1.854e+02       4.241e-03       1.018e+00    0
       16      35       6.450e+01       1.891e+02       3.972e-03       6.466e-01    0
       16      36       6.485e+01       1.928e+02       4.272e-03       1.608e+00    0
       16      37       6.549e+01       1.964e+02       4.576e-03       1.255e+00    0
       16      38       6.642e+01       1.999e+02       4.351e-03       8.811e-01    0
       16      39       6.765e+01       2.034e+02       4.688e-03       4.814e-01    0
       16      40       6.920e+01       2.067e+02       4.753e-03       5.303e-01    0
       16      41       7.107e+01       2.099e+02       4.831e-03       6.884e-01    0
       16      42       7.327e+01       2.129e+02       5.183e-03       3.313e-01    0
       17      25       7.283e+01       1.539e+02       4.730e-03       7.827e-01    0
       17      26       7.015e+01       1.567e+02       4.370e-03       1.069e+00    0
       17      27       6.782e+01       1.598e+02       4.295e-03       1.199e+00    0
       17      28       6.583e+01       1.630e+02       4.753e-03       1.063e+00    0
       17      29       6.415e+01       1.664e+02       4.427e-03       1.234e+00    0
       17      30       6.277e+01       1.700e+02       3.857e-03       1.092e+00    0
       17      31       6.168e+01       1.737e+02       4.084e-03       8.348e-01    0
       17      32       6.088e+01       1.775e+02       4.821e-03       1.820e+00    0
       17      33       6.037e+01       1.814e+02       4.063e-03       1.224e+00    0
       17      34       6.014e+01       1.853e+02       4.063e-03       3.322e-01    0
       17      35       6.020e+01       1.893e+02       4.313e-03       2.249e+00    0
       17      36       6.054e+01       1.932e+02       4.101e-03       1.440e+00    0
       17      37       6.117e+01       1.970e+02       4.135e-03       3.782e-01    0
       17      38       6.208e+01       2.008e+02       4.446e-03       9.449e-01    0
       17      39       6.329e+01       2.044e+02       4.252e-03       1.055e+00    0
       17      40       6.479e+01       2.079e+02       4.591e-03       1.214e+00    0
       17      41       6.659e+01       2.113e+02       4.954e-03       7.872e-01    0
       17      42       6.872e+01       2.144e+02       4.203e-03       1.392e+00    0
       17      43       7.118e+01       2.174e+02       5.140e-03       9.485e-01    0
       17      44       7.401e+01       2.203e+02       4.652e-03       6.367e-01    0
       18      23       7.488e+01       1.466e+02       4.784e-03       7.714e-01    0
       18      24       7.154e+01       1.492e+02       4.954e-03       8.596e-01    0
       18      25       6.859e+01       1.520e+02       4.315e-03       1.168e+00    0
       18      26       6.600e+01       1.549e+02       3.954e-03       9.878e-01    0
       18      27       6.374e+01       1.581e+02       4.652e-03       1.343e+00    0
       18      28       6.179e+01       1.615e+02       3.802e-03       1.667e+00    0
       18      29       6.014e+01       1.651e+02       4.235e-03       8.703e-01    0
       18      30       5.877e+01       1.689e+02       4.186e-03       1.063e+00    0
       18      31       5.769e+01       1.728e+02       3.901e-03       8.997e-01    0
       18      32       5.689e+01       1.768e+02       4.103e-03       2.002e+00    0
       18      33       5.637e+01       1.810e+02       4.832e-03       6.867e-01    0
       18      34       5.614e+01       1.852e+02       4.343e-03       1.624e+00    0
       18      35       5.620e+01       1.895e+02       4.119e-03       2.509e+00    0
       18      36       5.654e+01       1.937e+02       4.400e-03       1.244e+00    0
       18      37       5.717e+01       1.978e+02       4.211e-03       8.155e-01    0
       18      38       5.809e+01       2.018e+02       3.767e-03       1.205e+00    0
       18      39       5.928e+01       2.057e+02       4.342e-03       1.399e+00    0
       18      40       6.077e+01       2.094e+02       4.169e-03       5.120e-01    0
       18      41       6.254e+01       2.129e+02       4.259e-03       5.080e-01    0
       18      42       6.461e+01       2.162e+02       4.349e-03       1.316e+00    0
       18      43       6.700e+01       2.193e+02       4.721e-03       2.460e-01    0
       18      44       6.973e+01       2.222e+02       5.113e-03       2.238e-01    0
       18      45       7.283e+01       2.249e+02       4.935e-03       6.107e-01    0
       19      22       7.450e+01       1.420e+02       4.782e-03       6.145e-01    0
       19      23       7.087e+01       1.444e+02       4.653e-03       1.041e+00    0
       19      24       6.764e+01       1.470e+02       4.003e-03       5.111e-01    0
       19      25       6.477e+01       1.499e+02       4.174e-03       9.058e-01    0
       19      26       6.224e+01       1.530e+02       4.325e-03       1.453e+00    0
       19      27       6.002e+01       1.562e+02       4.223e-03       1.904e+00    0
       19      28       5.808e+01       1.598e+02       4.372e-03       1.535e+00    0
       19      29       5.642e+01       1.636e+02       3.814e-03       1.143e+00    0
       19      30       5.504e+01       1.675e+02       3.990e-03       1.310e+00    0
       19      31       5.393e+01       1.717e+02       4.395e-03       1.811e+00    0
       19      32       5.311e+01       1.761e+02       3.894e-03       2.494e+00    0
       19      33       5.258e+01       1.806e+02       4.562e-03       1.957e+00    0
       19      34       5.234e+01       1.851e+02       4.562e-03       1.319e+00    0
       19      35       5.240e+01       1.897e+02       3.685e-03       1.286e+00    0
       19      36       5.276e+01       1.942e+02       4.179e-03       1.591e+00    0
       19      37       5.341e+01       1.987e+02       4.010e-03       2.129e+00    0
       19      38       5.434e+01       2.030e+02       4.326e-03       2.057e+00    0
       19      39       5.556e+01       2.071e+02       3.917e-03       1.461e+00    0
       19      40       5.706e+01       2.110e+02       4.259e-03       1.141e+00    0
       19      41       5.882e+01       2.147e+02       4.359e-03       5.805e-01    0
       19      42       6.088e+01       2.181e+02       4.215e-03       3.176e-01    0
       19      43       6.322e+01       2.213e+02       4.317e-03       6.775e-01    0
       19      44       6.588e+01       2.243e+02       4.425e-03       5.852e-01    0
       19      45       6.889e+01       2.270e+02       5.108e-03       9.976e-01    0
       19      46       7.227e+01       2.296e+02       4.640e-03       4.538e-01    0
       20      21       7.475e+01       1.374e+02       4.784e-03       8.035e-01    0
       20      22       7.080e+01       1.396e+02       4.653e-03       1.195e+00    0
       20      23       6.728e+01       1.420e+02       3.724e-03       9.221e-01    0
       20      24       6.413e+01       1.447e+02       4.146e-03       1.109e+00    0
       20      25       6.132e+01       1.476e+02       4.281e-03       1.579e+00    0
       20      26       5.882e+01       1.507e+02       4.148e-03       1.465e+00    0
       20      27       5.659e+01       1.541e+02       4.041e-03       1.214e+00    0
       20      28       5.463e+01       1.578e+02       3.935e-03       1.522e+00    0
       20      29       5.293e+01       1.618e+02       4.081e-03       1.647e+00    0
       20      30       5.150e+01       1.660e+02       4.663e-03       1.173e+00    0
       20      31       5.034e+01       1.705e+02       4.144e-03       2.634e+00    0
       20      32       4.947e+01       1.752e+02       4.545e-03       2.356e+00    0
       20      33       4.890e+01       1.801e+02       3.231e-03       3.111e+00    0
       20      34       4.865e+01       1.850e+02       3.658e-03       2.262e+00    0
       20      35       4.871e+01       1.900e+02       4.564e-03       9.304e-01    0
       20      36       4.909e+01       1.949e+02       4.389e-03       1.975e+00    0
       20      37       4.978e+01       1.997e+02       4.257e-03       1.855e+00    0
       20      38       5.077e+01       2.043e+02       4.113e-03       5.819e-01    0
       20      39       5.204e+01       2.087e+02       3.983e-03       5.919e-01    0
       20      40       5.358e+01       2.128e+02       4.323e-03       3.096e-01    0
       20      41       5.538e+01       2.167e+02       3.705e-03       3.552e-01    0
       20      42       5.745e+01       2.203e+02       4.325e-03       1.328e+00    0
       20      43       5.979e+01       2.236e+02       4.188e-03       1.372e+00    0
       20      44       6.241e+01       2.266e+02       4.320e-03       7.597e-01    0
       20      45       6.535e+01       2.294e+02       4.434e-03       9.374e-01    0
       20      46       6.864e+01       2.320e+02       4.833e-03       7.542e-01    0
       20      47       7.233e+01       2.343e+02       5.237e-03       7.473e-01    0
       21      21       7.134e+01       1.348e+02       4.954e-03       7.085e-01    0
       21      22       6.751e+01       1.370e+02       4.802e-03       6.063e-01    0
       21      23       6.407e+01       1.394e+02       4.396e-03       7.964e-01    0
       21      24       6.098e+01       1.421e+02       4.004e-03       1.446e+00    0
       21      25       5.819e+01       1.450e+02       4.129e-03       9.207e-01    0
       21      26       5.567e+01       1.482e+02       3.994e-03       1.539e+00    0
       21      27       5.340e+01       1.517e+02       4.092e-03       1.128e+00    0
       21      28       5.137e+01       1.556e+02       4.404e-03       1.237e+00    0
       21      29       4.959e+01       1.598e+02       4.492e-03       1.680e+00    0
       21      30       4.806e+01       1.643e+02       4.381e-03       2.981e+00    0
       21      31       4.681e+01       1.691e+02       4.499e-03       1.855e+00    0
       21      32       4.586e+01       1.742e+02       4.636e-03       1.444e+00    0
       21      33       4.524e+01       1.795e+02       4.843e-03       1.231e+00    0
       21      34       4.496e+01       1.849e+02       4.843e-03       1.189e+00    0
       21      35       4.503e+01       1.903e+02       4.648e-03       1.699e+00    0
       21      36       4.545e+01       1.957e+02       4.527e-03       1.434e+00    0
       21      37       4.621e+01       2.009e+02       4.639e-03       1.330e+00    0
       21      38       4.728e+01       2.059e+02       4.541e-03       2.635e-01    0
       21      39       4.864e+01       2.106e+02       4.020e-03       1.610e+00    0
       21      40       5.027e+01       2.150e+02       3.678e-03       8.412e-01    0
       21      41       5.216e+01       2.190e+02       4.270e-03       9.095e-01    0
       21      42       5.428e+01       2.227e+02       4.176e-03       3.438e-01    0
       21      43       5.665e+01       2.261e+02       4.571e-03       1.661e+00    0
       21      44       5.927e+01       2.292e+02       4.454e-03       3.224e-01    0
       21      45       6.218e+01       2.320e+02       4.325e-03       1.238e+00    0
       21      46       6.541e+01       2.346e+02       4.723e-03       1.267e+00    0
       21      47       6.900e+01       2.369e+02       4.571e-03       7.404e-01    0
       21      48       7.300e+01       2.390e+02       4.381e-03       7.511e-01    0
       22      20       7.250e+01       1.301e+02       4.995e-03       9.460e-01    0
       22      21       6.833e+01       1.321e+02       4.036e-03       1.755e+00    0
       22      22       6.459e+01       1.342e+02       4.160e-03       9.623e-01    0
       22      23       6.120e+01       1.366e+02       4.274e-03       1.586e+00    0
       22      24       5.812e+01       1.392e+02       4.359e-03       6.675e-01    0
       22      25       5.531e+01       1.422e+02       4.433e-03       1.083e+00    0
       22      26       5.274e+01       1.454e+02       4.042e-03       1.143e+00    0
       22      27       5.039e+01       1.490e+02       4.964e-03       1.026e+00    0
       22      28       4.825e+01       1.530e+02       4.154e-03       1.595e+00    0
       22      29       4.633e+01       1.574e+02       4.807e-03       1.606e+00    0
       22      30       4.466e+01       1.622e+02       4.670e-03       1.065e+00    0
       22      31       4.327e+01       1.674e+02       4.921e-03       1.753e+00    0
       22      32       4.220e+01       1.729e+02       5.191e-03       1.396e+00    0
       22      33       4.149e+01       1.787e+02       4.629e-03       1.520e+00    0
       22      34       4.117e+01       1.847e+02       5.191e-03       1.441e+00    0
       22      35       4.125e+01       1.907e+02       5.033e-03       7.472e-01    0
       22      36       4.173e+01       1.966e+02       4.963e-03       9.362e-01    0
       22      37       4.259e+01       2.023e+02       4.723e-03       5.309e-01    0
       22      38       4.380e+01       2.078e+02       4.260e-03       1.124e+00    0
       22      39       4.530e+01       2.128e+02       4.854e-03       2.465e-01    0
       22      40       4.708e+01       2.174e+02       4.608e-03       5.356e-01    0
       22      41       4.908e+01       2.217e+02       4.106e-03       1.069e+00    0
       22      42       5.131e+01       2.255e+02       4.264e-03       1.029e+00    0
       22      43       5.375e+01       2.289e+02       4.176e-03       1.070e+00    0
       22      44       5.641e+01       2.321e+02       4.325e-03       6.408e-01    0
       22      45       5.932e+01       2.349e+02       4.220e-03       1.509e+00    0
       22      46       6.252e+01       2.374e+02       4.634e-03       2.543e-01    0
       22      47       6.604e+01       2.397e+02       4.778e-03       4.398e-01    0
       22      48       6.995e+01       2.417e+02       5.492e-03       2.054e-01    0
       22      49       7.430e+01       2.436e+02       0.000e+00       0.000e+00    1
       23      19       7.429e+01       1.256e+02       4.498e-03       4.065e-01    0
       23      20       6.976e+01       1.273e+02       4.349e-03       6.985e-01    0
       23      21       6.568e+01       1.291e+02       4.207e-03       7.443e-01    0
       23      22       6.199e+01       1.312e+02       4.052e-03       9.835e-01    0
       23      23       5.863e+01       1.335e+02       3.898e-03       1.310e+00    0
       23      24       5.554e+01       1.361e+02       4.210e-03       1.290e+00    0
       23      25       5.268e+01       1.390e+02       4.042e-03       2.230e+00    0
       23      26       5.001e+01       1.422e+02       4.508e-03       1.244e+00    0
       23      27       4.753e+01       1.459e+02       4.092e-03       1.689e+00    0
       23      28       4.522e+01       1.500e+02       5.078e-03       1.631e+00    0
       23      29       4.312e+01       1.546e+02       4.820e-03       2.358e+00    0
       23      30       4.124e+01       1.597e+02       5.362e-03       1.328e+00    0
       23      31       3.966e+01       1.653e+02       5.323e-03       1.548e+00    0
       23      32       3.841e+01       1.714e+02       5.505e-03       1.185e+00    0
       23      33       3.758e+01       1.778e+02       6.289e-03       6.342e-01    0
       23      34       3.719e+01       1.845e+02       6.150e-03       8.285e-01    0
       23      35       3.729e+01       1.912e+02       5.410e-03       9.480e-01    0
       23      36       3.786e+01       1.978e+02       5.227e-03       4.578e-01    0
       23      37       3.887e+01       2.041e+02       5.260e-03       2.275e-01    0
       23      38       4.026e+01       2.100e+02       4.550e-03       1.356e+00    0
       23      39       4.197e+01       2.154e+02       4.767e-03       5.344e-01    0
       23      40       4.394e+01       2.203e+02       4.385e-03       5.628e-01    0
       23      41       4.613e+01       2.247e+02       4.152e-03       1.729e+00    0
       23      42       4.851e+01       2.286e+02       4.106e-03       7.398e-01    0
       23      43       5.106e+01       2.321e+02       4.037e-03       1.107e+00    0
       23      44       5.380e+01       2.352e+02       4.210e-03       9.873e-01    0
       23      45       5.675e+01       2.380e+02       4.118e-03       1.009e+00    0
       23      46       5.995e+01       2.405e+02       4.267e-03       8.813e-01    0
       23      47       6.343e+01       2.427e+02       4.416e-03       5.589e-01    0
       23      48       6.727e+01       2.446e+02       4.556e-03       4.883e-01    0
       23      49       7.152e+01       2.464e+02       4.378e-03       9.020e-01    0
       24      19       7.181e+01       1.227e+02       4.979e-03       3.638e-01    0
       24      20       6.738e+01       1.242e+02       4.008e-03       1.067e+00    0
       24      21       6.337e+01       1.260e+02       4.635e-03       1.196e+00    0
       24      22       5.971e+01       1.279e+02       4.198e-03       8.474e-01    0
       24      23       5.634e+01       1.301e+02       3.794e-03       1.828e+00    0
       24      24       5.321e+01       1.326e+02       4.085e-03       1.221e+00    0
       24      25       5.026e+01       1.354e+02       4.742e-03       9.904e-01    0
       24      26       4.746e+01       1.387e+02       4.495e-03       1.999e+00    0
       24      27       4.479e+01       1.423e+02       5.016e-03       1.574e+00    0
       24      28       4.227e+01       1.465e+02       5.089e-03       1.845e+00    0
       24      29       3.991e+01       1.513e+02       5.454e-03       1.405e+00    0
       24      30       3.776e+01       1.567e+02       5.783e-03       1.284e+00    0
       24      31       3.589e+01       1.628e+02       5.948e-03       1.048e+00    0
       24      32       3.441e+01       1.695e+02       6.021e-03       1.536e+00    0
       24      33       3.340e+01       1.767e+02       6.567e-03       1.116e+00    0
       24      34       3.293e+01       1.842e+02       5.890e-03       8.745e-01    0
       24      35       3.305e+01       1.918e+02       6.256e-03       8.646e-01    0
       24      36       3.374e+01       1.993e+02       6.058e-03       2.006e-01    0
       24      37       3.495e+01       2.063e+02       5.770e-03       6.318e-01    0
       24      38       3.660e+01       2.127e+02       5.266e-03       9.089e-01    0
       24      39       3.859e+01       2.185e+02       4.850e-03       7.633e-01    0
       24      40       4.083e+01       2.237e+02       4.747e-03       3.025e-01    0
       24      41       4.327e+01       2.282e+02       4.585e-03       3.250e-01    0
       24      42       4.585e+01       2.322e+02       4.174e-03       7.278e-01    0
       24      43       4.856e+01       2.357e+02       4.148e-03       2.116e+00    0
       24      44       5.142e+01       2.387e+02       4.343e-03       1.612e+00    0
       24      45       5.444e+01       2.414e+02       4.283e-03       1.229e+00    0
       24      46       5.766e+01       2.438e+02       4.182e-03       8.610e-01    0
       24      47       6.114e+01       2.459e+02       4.613e-03       5.111e-01    0
       24      48       6.493e+01       2.478e+02       4.772e-03       4.729e-01    0
       24      49       6.910e+01       2.494e+02       5.200e-03       1.125e+00    0
       24      50       7.373e+01       2.509e+02       0.000e+00       0.000e+00    1
       25      18       7.453e+01       1.183e+02       4.512e-03       9.253e-01    0
       25      19       6.969e+01       1.196e+02       4.370e-03       1.030e+00    0
       25      20       6.533e+01       1.210e+02       4.473e-03       1.009e+00    0
       25      21       6.136e+01       1.226e+02       4.040e-03       6.683e-01    0
       25      22       5.771e+01       1.244e+02       4.113e-03       1.663e+00    0
       25      23       5.431e+01       1.265e+02       4.155e-03       1.339e+00    0
       25      24       5.111e+01       1.288e+02       4.382e-03       1.214e+00    0
       25      25       4.804e+01       1.315e+02       4.766e-03       2.264e+00    0
       25      26       4.507e+01       1.346e+02       4.845e-03       1.171e+00    0
       25      27       4.218e+01       1.383e+02       5.064e-03       1.800e+00    0
       25      28       3.938e+01       1.425e+02       5.374e-03       1.449e+00    0
       25      29       3.669e+01       1.474e+02       5.878e-03       1.765e+00    0
       25      30       3.418e+01       1.531e+02       6.225e-03       9.596e-01    0
       25      31       3.195e+01       1.596e+02       6.412e-03       1.035e+00    0
       25      32       3.013e+01       1.671e+02       6.754e-03       8.206e-01    0
       25      33       2.886e+01       1.752e+02       6.173e-03       1.697e+00    0
       25      34       2.827e+01       1.839e+02       6.692e-03       5.364e-01    0
       25      35       2.842e+01       1.926e+02       6.671e-03       3.383e-01    0
       25      36       2.930e+01       2.011e+02       6.217e-03       1.452e+00    0
       25      37       3.080e+01       2.090e+02       5.859e-03       4.148e-01    0
       25      38       3.280e+01       2.161e+02       5.756e-03       6.534e-01    0
       25      39       3.516e+01       2.223e+02       5.537e-03       2.229e-01    0
       25      40       3.775e+01       2.277e+02       4.858e-03       6.134e-01    0
       25      41       4.049e+01       2.323e+02       4.584e-03       7.960e-01    0
       25      42       4.333e+01       2.363e+02       4.658e-03       9.973e-01    0
       25      43       4.625e+01       2.397e+02       4.247e-03       1.754e+00    0
       25      44       4.926e+01       2.426e+02       3.997e-03       2.117e+00    0
       25      45       5.238e+01       2.452e+02       4.179e-03       6.406e-01    0
       25      46       5.565e+01       2.474e+02       4.365e-03       8.224e-01    0
       25      47       5.914e+01       2.493e+02       4.001e-03       1.496e+00    0
       25      48       6.291e+01       2.511e+02       4.979e-03       6.519e-01    0
       25      49       6.703e+01       2.526e+02       5.147e-03       0.000e+00    1
       25      50       7.157e+01       2.540e+02       0.000e+00       0.000e+00    1
       26      18       7.266e+01       1.152e+02       4.749e-03       6.424e-01    0
       26      19       6.790e+01       1.163e+02       4.576e-03       8.813e-01    0
       26      20       6.359e+01       1.176e+02       4.141e-03       1.154e+00    0
       26      21       5.964e+01       1.190e+02       4.214e-03       1.936e+00    0
       26      22       5.599e+01       1.207e+02       4.254e-03       1.185e+00    0
       26      23       5.254e+01       1.225e+02       4.046e-03       1.413e+00    0
       26      24       4.925e+01       1.247e+02       4.254e-03       2.030e+00    0
       26      25       4.604e+01       1.272e+02       4.787e-03       1.450e+00    0
       26      26       4.287e+01       1.301e+02       5.174e-03       1.696e+00    0
       26      27       3.972e+01       1.336e+02       5.764e-03       1.571e+00    0
       26      28       3.658e+01       1.377e+02       5.837e-03       1.306e+00    0
       26      29       3.349e+01       1.426e+02       6.584e-03       1.511e+00    0
       26      30       3.052e+01       1.486e+02       6.756e-03       6.393e-01    0
       26      31       2.781e+01       1.556e+02       7.028e-03       7.430e-01    0
       26      32       2.553e+01       1.639e+02       6.865e-03       4.072e-01    0
       26      33       2.390e+01       1.732e+02       6.903e-03       1.387e+00    0
       26      34       2.314e+01       1.834e+02       6.989e-03       1.064e+00    0
       26      35       2.333e+01       1.937e+02       6.746e-03       3.298e-01    0
       26      36       2.446e+01       2.036e+02       7.266e-03       1.298e+00    0
       26      37       2.638e+01       2.126e+02       6.639e-03       7.321e-01    0
       26      38       2.886e+01       2.204e+02       6.180e-03       1.623e+00    0
       26      39       3.169e+01       2.269e+02       5.756e-03       8.712e-01    0
       26      40       3.472e+01       2.324e+02       5.625e-03       5.506e-01    0
       26      41       3.784e+01       2.370e+02       4.963e-03       1.248e+00    0
       26      42       4.098e+01       2.409e+02       4.503e-03       1.324e+00    0
       26      43       4.414e+01       2.441e+02       4.133e-03       6.824e-01    0
       26      44       4.732e+01       2.469e+02       4.360e-03       3.178e-01    0
       26      45       5.056e+01       2.492e+02       4.103e-03       9.467e-01    0
       26      46       5.391e+01       2.513e+02       4.292e-03       5.662e-01    0
       26      47       5.742e+01       2.530e+02       4.481e-03       7.663e-01    0
       26      48       6.119e+01       2.546e+02       4.101e-03       5.002e-01    0
       26      49       6.527e+01       2.559e+02       5.092e-03       0.000e+00    1
       26      50       6.975e+01       2.571e+02       4.959e-03       0.000e+00    1
       26      51       7.472e+01       2.582e+02       0.000e+00       0.000e+00    1
       27      18       7.113e+01       1.120e+02       4.697e-03       7.007e-01    0
       27      19       6.642e+01       1.129e+02       4.262e-03       1.050e+00    0
       27      20       6.215e+01       1.140e+02       4.345e-03       6.492e-01    0
       27      21       5.821e+01       1.153e+02       3.914e-03       1.978e+00    0
       27      22       5.454e+01       1.167e+02       4.419e-03       1.765e+00    0
       27      23       5.104e+01       1.183e+02       3.969e-03       1.366e+00    0
       27      24       4.764e+01       1.202e+02       4.554e-03       1.751e+00    0
       27      25       4.428e+01       1.224e+02       4.992e-03       1.431e+00    0
       27      26       4.089e+01       1.251e+02       5.101e-03       2.111e+00    0
       27      27       3.745e+01       1.282e+02       5.710e-03       1.031e+00    0
       27      28       3.394e+01       1.321e+02       6.025e-03       8.917e-01    0
       27      29       3.038e+01       1.369e+02       6.583e-03       6.042e-01    0
       27      30       2.685e+01       1.429e+02       6.796e-03       9.611e-01    0
       27      31       2.351e+01       1.503e+02       4.798e-03       1.257e+00    0
       27      32       2.060e+01       1.595e+02       0.000e+00       0.000e+00    1
       27      33       1.845e+01       1.704e+02       0.000e+00       0.000e+00    1
       27      34       1.741e+01       1.827e+02       0.000e+00       0.000e+00    1
       27      35       1.768e+01       1.953e+02       0.000e+00       0.000e+00    1
       27      36       1.920e+01       2.071e+02       6.095e-03       7.853e-01    0
       27      37       2.169e+01       2.174e+02       6.904e-03       1.682e-01    0
       27      38       2.481e+01       2.258e+02       6.410e-03       1.327e+00    0
       27      39       2.825e+01       2.326e+02       5.915e-03       4.526e-01    0
       27      40       3.181e+01       2.381e+02       5.308e-03       1.145e+00    0
       27      41       3.535e+01       2.425e+02       5.302e-03       5.729e-01    0
       27      42       3.884e+01       2.461e+02       4.563e-03       6.410e-01    0
       27      43       4.225e+01       2.491e+02       4.247e-03       6.642e-01    0
       27      44       4.562e+01       2.515e+02       4.279e-03       6.476e-01    0
       27      45       4.900e+01       2.536e+02       4.037e-03       3.057e-01    0
       27      46       5.243e+01       2.554e+02       4.232e-03       2.744e-01    0
       27      47       5.599e+01       2.569e+02       4.424e-03       4.891e-01    0
       27      48       5.976e+01       2.583e+02       4.332e-03       8.681e-01    0
       27      49       6.382e+01       2.594e+02       4.483e-03       0.000e+00    1
       27      50       6.826e+01       2.605e+02       5.208e-03       0.000e+00    1
       27      51       7.316e+01       2.614e+02       0.000e+00       0.000e+00    1
       28      18       6.992e+01       1.087e+02       3.853e-03       1.764e+00    0
       28      19       6.525e+01       1.094e+02       4.758e-03       1.120e+00    0
       28      20       6.100e+01       1.103e+02       3.802e-03       1.634e+00    0
       28      21       5.707e+01       1.113e+02       4.349e-03       1.036e+00    0
       28      22       5.336e+01       1.125e+02       4.116e-03       1.529e+00    0
       28      23       4.980e+01       1.138e+02       4.326e-03       1.410e+00    0
       28      24       4.630e+01       1.153e+02       4.652e-03       1.312e+00    0
       28      25       4.278e+01       1.172e+02       5.225e-03       7.483e-01    0
       28      26       3.918e+01       1.195e+02       5.240e-03       1.424e+00    0
       28      27       3.545e+01       1.222e+02       5.837e-03       1.512e+00    0
       28      28       3.154e+01       1.257e+02       6.677e-03       7.781e-01    0
       28      29       2.747e+01       1.301e+02       6.973e-03       8.964e-01    0
       28      30       2.330e+01       1.358e+02       4.490e-03       1.042e+00    0
       28      31       1.918e+01       1.433e+02       0.000e+00       0.000e+00    1
       28      32       1.541e+01       1.533e+02       0.000e+00       0.000e+00    1
       28      37       1.685e+01       2.240e+02       6.423e-03       5.589e-01    0
       28      38       2.081e+01       2.330e+02       6.710e-03       3.621e-01    0
       28      39       2.498e+01       2.397e+02       6.422e-03       2.158e-01    0
       28      40       2.912e+01       2.448e+02       5.840e-03       7.802e-01    0
       28      41       3.313e+01       2.488e+02       4.935e-03       5.928e-01    0
       28      42       3.697e+01       2.520e+02       5.012e-03       8.595e-01    0
       28      43       4.064e+01       2.545e+02       4.785e-03       9.003e-01    0
       28      44       4.420e+01       2.566e+02       4.210e-03       1.759e+00    0
       28      45       4.770e+01       2.583e+02       3.983e-03       2.103e+00    0
       28      46       5.122e+01       2.598e+02       3.933e-03       2.789e-01    0
       28      47       5.483e+01       2.610e+02       4.377e-03       6.522e-01    0
       28      48       5.861e+01       2.621e+02       4.021e-03       0.000e+00    1
       28      49       6.266e+01       2.630e+02       5.016e-03       0.000e+00    1
       28      50       6.707e+01       2.639e+02       4.603e-03       0.000e+00    1
       28      51       7.192e+01       2.646e+02       0.000e+00       0.000e+00    1
       29      17       7.414e+01       1.048e+02       4.253e-03       3.985e-01    0
       29      18       6.901e+01       1.053e+02       4.641e-03       1.042e+00    0
       29      19       6.438e+01       1.058e+02       4.199e-03       1.140e+00    0
       29      20       6.014e+01       1.065e+02       4.764e-03       6.006e-01    0
       29      21       5.620e+01       1.072e+02       3.584e-03       1.937e+00    0
       29      22       5.247e+01       1.081e+02       4.095e-03       1.607e+00    0
       29      23       4.885e+01       1.091e+02       4.488e-03       1.787e+00    0
       29      24       4.526e+01       1.102e+02       4.767e-03       1.444e+00    0
       29      25       4.161e+01       1.116e+02       5.094e-03       1.617e+00    0
       29      26       3.781e+01       1.134e+02       5.725e-03       9.956e-01    0
       29      27       3.381e+01       1.155e+02       6.152e-03       1.057e+00    0
       29      28       2.953e+01       1.183e+02       6.886e-03       7.305e-01    0
       29      29       2.496e+01       1.219e+02       6.801e-03       7.519e-01    0
       29      30       2.010e+01       1.268e+02       0.000e+00       0.000e+00    1
       29      31       1.508e+01       1.338e+02       0.000e+00       0.000e+00    1
       29      38       1.711e+01       2.423e+02       7.101e-03       3.588e-01    0
       29      39       2.208e+01       2.483e+02       6.587e-03       6.096e-01    0
       29      40       2.683e+01       2.527e+02       6.082e-03       9.445e-01    0
       29      41       3.128e+01       2.559e+02       5.494e-03       7.842e-01    0
       29      42       3.544e+01       2.584e+02       4.929e-03       5.622e-01    0
       29      43       3.936e+01       2.604e+02       4.727e-03       1.617e+00    0
       29      44       4.309e+01       2.620e+02       3.732e-03       1.533e+00    0
       29      45       4.671e+01       2.633e+02       4.405e-03       0.000e+00    1
       29      46       5.030e+01       2.644e+02       4.413e-03       0.000e+00    1
       29      47       5.395e+01       2.653e+02       4.362e-03       0.000e+00    1
       29      48       5.775e+01       2.661e+02       4.282e-03       0.000e+00    1
       29      49       6.180e+01       2.668e+02       3.882e-03       0.000e+00    1
       29      50       6.619e+01       2.674e+02       5.457e-03       0.000e+00    1
       29      51       7.101e+01       2.679e+02       0.000e+00       0.000e+00    1
       30      17       7.351e+01       1.015e+02       5.361e-03       6.809e-01    0
       30      18       6.841e+01       1.018e+02       4.361e-03       7.332e-01    0
       30      19       6.380e+01       1.022e+02       4.199e-03       1.404e+00    0
       30      20       5.957e+01       1.026e+02       4.016e-03       1.302e+00    0
       30      21       5.562e+01       1.030e+02       4.767e-03       1.559e+00    0
       30      22       5.187e+01       1.035e+02       3.614e-03       2.279e+00    0
       30      23       4.821e+01       1.041e+02       4.685e-03       1.573e+00    0
       30      24       4.455e+01       1.049e+02       4.939e-03       1.763e+00    0
       30      25       4.079e+01       1.058e+02       5.072e-03       1.656e+00    0
       30      26       3.685e+01       1.069e+02       6.455e-03       9.041e-01    0
       30      27       3.263e+01       1.082e+02       6.355e-03       1.041e+00    0
       30      28       2.806e+01       1.100e+02       6.383e-03       1.207e+00    0
       30      29       2.307e+01       1.125e+02       5.851e-03       9.642e-01    0
       30      30       1.761e+01       1.159e+02       0.000e+00       0.000e+00    1
       30      39       1.986e+01       2.586e+02       6.564e-03       6.684e-01    0
       30      40       2.513e+01       2.616e+02       6.196e-03       7.081e-01    0
       30      41       2.994e+01       2.638e+02       5.563e-03       9.310e-01    0
       30      42       3.436e+01       2.654e+02       5.225e-03       1.395e+00    0
       30      43       3.846e+01       2.666e+02       4.452e-03       7.392e-01    0
       30      44       4.231e+01       2.676e+02       4.772e-03       0.000e+00    1
       30      45       4.602e+01       2.684e+02       4.632e-03       0.000e+00    1
       30      46       4.967e+01       2.691e+02       3.652e-03       0.000e+00    1
       30      47       5.336e+01       2.697e+02       3.814e-03       0.000e+00    1
       30      48       5.718e+01       2.702e+02       5.327e-03       0.000e+00    1
       30      49       6.123e+01       2.706e+02       4.434e-03       0.000e+00    1
       30      50       6.560e+01       2.710e+02       4.859e-03       0.000e+00    1
       30      51       7.040e+01       2.713e+02       0.000e+00       0.000e+00    1
       31      17       7.319e+01       9.821e+01       4.794e-03       8.135e-01    0
       31      18       6.811e+01       9.831e+01       4.361e-03       9.455e-01    0
       31      19       6.351e+01       9.843e+01       4.199e-03       7.720e-01    0
       31      20       5.928e+01       9.857e+01       4.016e-03       1.267e+00    0
       31      21       5.533e+01       9.872e+01       4.524e-03       1.470e+00    0
       31      22       5.156e+01       9.890e+01       3.614e-03       1.189e+00    0
       31      23       4.788e+01       9.911e+01       4.470e-03       1.191e+00    0
       31      24       4.418e+01       9.937e+01       4.747e-03       1.584e+00    0
       31      25       4.037e+01       9.968e+01       4.885e-03       1.643e+00    0
       31      26       3.634e+01       1.001e+02       6.285e-03       1.216e+00    0
       31      27       3.201e+01       1.005e+02       6.074e-03       8.625e-01    0
       31      28       2.728e+01       1.012e+02       6.160e-03       1.289e+00    0
       31      29       2.204e+01       1.021e+02       5.673e-03       1.392e+00    0
       31      30       1.622e+01       1.033e+02       0.000e+00       0.000e+00    1
       31      39       1.863e+01       2.702e+02       6.312e-03       3.850e-01    0
       31      40       2.421e+01       2.713e+02       6.048e-03       8.705e-01    0
       31      41       2.923e+01       2.721e+02       5.392e-03       4.650e-01    0
       31      42       3.379e+01       2.727e+02       4.846e-03       1.181e+00    0
       31      43       3.799e+01       2.731e+02       4.452e-03       7.096e-01    0
       31      44       4.192e+01       2.735e+02       4.556e-03       0.000e+00    1
       31      45       4.567e+01       2.737e+02       4.632e-03       0.000e+00    1
       31      46       4.935e+01       2.740e+02       3.409e-03       0.000e+00    1
       31      47       5.306e+01       2.742e+02       3.814e-03       0.000e+00    1
       31      48       5.689e+01       2.743e+02       5.327e-03       0.000e+00    1
       31      49       6.094e+01       2.745e+02       4.434e-03       0.000e+00    1
       31      50       6.530e+01       2.746e+02       4.292e-03       0.000e+00    1
       31      51       7.009e+01       2.747e+02       0.000e+00       0.000e+00    1
       32      17       7.319e+01       9.490e+01       4.820e-03       6.607e-01    0
       32      18       6.811e+01       9.480e+01       4.368e-03       8.679e-01    0
       32      19       6.350e+01       9.469e+01       4.199e-03       7.663e-01    0
       32      20       5.927e+01       9.456e+01       4.512e-03       1.105e+00    0
       32      21       5.533e+01       9.442e+01       3.590e-03       2.053e+00    0
       32      22       5.156e+01       9.425e+01       4.095e-03       1.217e+00    0
       32      23       4.787e+01       9.405e+01       4.704e-03       1.583e+00    0
       32      24       4.417e+01       9.381e+01       4.555e-03       1.065e+00    0
       32      25       4.036e+01       9.352e+01       5.281e-03       1.869e+00    0
       32      26       3.634e+01       9.316e+01       5.398e-03       1.414e+00    0
       32      27       3.200e+01       9.271e+01       6.148e-03       1.003e+00    0
       32      28       2.726e+01       9.211e+01       6.866e-03       7.264e-01    0
       32      29       2.202e+01       9.128e+01       6.697e-03       7.951e-01    0
       32      30       1.619e+01       9.008e+01       0.000e+00       0.000e+00    1
       32      39       1.861e+01       2.824e+02       6.578e-03       4.934e-01    0
       32      40       2.419e+01       2.814e+02       5.925e-03       9.660e-01    0
       32      41       2.922e+01       2.806e+02       5.323e-03       3.956e-01    0
       32      42       3.378e+01       2.801e+02       5.113e-03       7.821e-01    0
       32      43       3.798e+01       2.797e+02       4.519e-03       1.510e+00    0
       32      44       4.191e+01       2.794e+02       3.947e-03       0.000e+00    1
       32      45       4.567e+01       2.791e+02       4.169e-03       0.000e+00    1
       32      46       4.935e+01       2.789e+02       4.656e-03       0.000e+00    1
       32      47       5.305e+01       2.787e+02       4.110e-03       0.000e+00    1
       32      48       5.688e+01       2.785e+02       4.282e-03       0.000e+00    1
       32      49       6.093e+01       2.784e+02       3.608e-03       0.000e+00    1
       32      50       6.530e+01       2.783e+02       6.023e-03       0.000e+00    1
       32      51       7.008e+01       2.782e+02       0.000e+00       0.000e+00    1
       33      17       7.349e+01       9.160e+01       4.827e-03       1.117e+00    0
       33      18       6.840e+01       9.130e+01       4.127e-03       1.286e+00    0
       33      19       6.378e+01       9.096e+01       4.758e-03       1.239e+00    0
       33      20       5.955e+01       9.057e+01       4.055e-03       1.400e+00    0
       33      21       5.561e+01       9.013e+01       4.586e-03       1.571e+00    0
       33      22       5.185e+01       8.962e+01       4.116e-03       1.312e+00    0
       33      23       4.819e+01       8.902e+01       4.111e-03       1.673e+00    0
       33      24       4.453e+01       8.830e+01       4.648e-03       1.579e+00    0
       33      25       4.077e+01       8.743e+01       5.033e-03       1.436e+00    0
       33      26       3.682e+01       8.636e+01       5.571e-03       1.396e+00    0
       33      27       3.260e+01       8.501e+01       6.123e-03       8.561e-01    0
       33      28       2.802e+01       8.324e+01       6.506e-03       9.922e-01    0
       33      29       2.302e+01       8.085e+01       7.141e-03       9.742e-01    0
       33      30       1.755e+01       7.746e+01       4.144e-03       1.059e+00    0
       33      39       1.980e+01       2.940e+02       6.269e-03       2.999e-01    0
       33      40       2.509e+01       2.911e+02       5.978e-03       4.555e-01    0
       33      41       2.991e+01       2.890e+02       5.275e-03       3.608e-01    0
       33      42       3.433e+01       2.874e+02       4.816e-03       1.907e-01    0
       33      43       3.844e+01       2.862e+02       4.570e-03       7.768e-01    0
       33      44       4.230e+01       2.852e+02       4.210e-03       0.000e+00    1
       33      45       4.601e+01       2.844e+02       4.220e-03       0.000e+00    1
       33      46       4.966e+01       2.837e+02       3.933e-03       0.000e+00    1
       33      47       5.334e+01       2.832e+02       4.629e-03       0.000e+00    1
       33      48       5.716e+01       2.827e+02       4.021e-03       0.000e+00    1
       33      49       6.121e+01       2.823e+02       5.290e-03       0.000e+00    1
       33      50       6.559e+01       2.819e+02       4.319e-03       0.000e+00    1
       33      51       7.038e+01       2.816e+02       0.000e+00       0.000e+00    1
       34      17       7.411e+01       8.833e+01       5.151e-03       9.735e-01    0
       34      18       6.899e+01       8.783e+01       4.697e-03       1.055e+00    0
       34      19       6.436e+01       8.728e+01       3.993e-03       8.726e-01    0
       34      20       6.012e+01       8.664e+01       4.345e-03       1.007e+00    0
       34      21       5.618e+01       8.592e+01       3.914e-03       1.823e+00    0
       34      22       5.245e+01       8.508e+01       4.419e-03       1.542e+00    0
       34      23       4.883e+01       8.410e+01       4.185e-03       1.797e+00    0
       34      24       4.523e+01       8.294e+01       4.754e-03       1.411e+00    0
       34      25       4.158e+01       8.154e+01       4.992e-03       1.627e+00    0
       34      26       3.777e+01       7.984e+01       5.267e-03       1.331e+00    0
       34      27       3.376e+01       7.771e+01       5.710e-03       1.344e+00    0
       34      28       2.947e+01       7.498e+01       6.149e-03       1.094e+00    0
       34      29       2.489e+01       7.138e+01       6.573e-03       1.253e+00    0
       34      30       2.001e+01       6.648e+01       6.919e-03       1.043e+00    0
       34      38       1.700e+01       3.104e+02       6.386e-03       6.649e-01    0
       34      39       2.200e+01       3.044e+02       6.177e-03       2.841e-01    0
       34      40       2.676e+01       3.000e+02       5.474e-03       1.255e+00    0
       34      41       3.123e+01       2.968e+02       5.111e-03       4.932e-01    0
       34      42       3.540e+01       2.944e+02       4.747e-03       0.000e+00    1
       34      43       3.932e+01       2.924e+02       4.670e-03       0.000e+00    1
       34      44       4.306e+01       2.909e+02       4.279e-03       0.000e+00    1
       34      45       4.668e+01       2.896e+02       4.037e-03       0.000e+00    1
       34      46       5.027e+01       2.885e+02       4.232e-03       0.000e+00    1
       34      47       5.393e+01       2.876e+02       4.424e-03       0.000e+00    1
       34      48       5.773e+01       2.868e+02       4.063e-03       0.000e+00    1
       34      49       6.178e+01       2.861e+02       4.483e-03       0.000e+00    1
       34      50       6.616e+01       2.855e+02       5.203e-03       0.000e+00    1
       34      51       7.098e+01       2.850e+02       0.000e+00       0.000e+00    1
       35      18       6.988e+01       8.443e+01       4.749e-03       5.177e-01    0
       35      19       6.522e+01       8.367e+01       4.576e-03       9.329e-01    0
       35      20       6.097e+01       8.281e+01       3.880e-03       1.626e+00    0
       35      21       5.704e+01       8.182e+01       4.214e-03       1.488e+00    0
       35      22       5.333e+01       8.068e+01       4.254e-03       1.406e+00    0
       35      23       4.977e+01       7.936e+01       3.816e-03       2.531e+00    0
       35      24       4.626e+01       7.781e+01       4.243e-03       1.619e+00    0
       35      25       4.274e+01       7.596e+01       4.979e-03       1.367e+00    0
       35      26       3.913e+01       7.373e+01       5.174e-03       1.431e+00    0
       35      27       3.539e+01       7.098e+01       5.585e-03       1.142e+00    0
       35      28       3.147e+01       6.755e+01       5.961e-03       1.555e+00    0
       35      29       2.738e+01       6.318e+01       6.265e-03       1.250e+00    0
       35      30       2.319e+01       5.748e+01       6.717e-03       6.016e-01    0
       35      31       1.904e+01       4.994e+01       6.973e-03       6.260e-01    0
       35      32       1.524e+01       3.992e+01       6.884e-03       1.135e+00    0
       35      37       1.670e+01       3.287e+02       6.605e-03       4.783e-01    0
       35      38       2.068e+01       3.198e+02       6.019e-03       3.859e-01    0
       35      39       2.488e+01       3.130e+02       5.742e-03       2.751e-01    0
       35      40       2.904e+01       3.079e+02       5.445e-03       0.000e+00    1
       35      41       3.306e+01       3.040e+02       5.154e-03       0.000e+00    1
       35      42       3.691e+01       3.008e+02       4.711e-03       0.000e+00    1
       35      43       4.060e+01       2.983e+02       3.914e-03       0.000e+00    1
       35      44       4.416e+01       2.963e+02       4.130e-03       0.000e+00    1
       35      45       4.767e+01       2.945e+02       4.103e-03       0.000e+00    1
       35      46       5.119e+01       2.931e+02       4.292e-03       0.000e+00    1
       35      47       5.480e+01       2.918e+02       3.951e-03       0.000e+00    1
       35      48       5.858e+01       2.908e+02       4.370e-03       0.000e+00    1
       35      49       6.263e+01       2.898e+02       5.092e-03       0.000e+00    1
       35      50       6.704e+01       2.890e+02       4.954e-03       0.000e+00    1
       35      51       7.189e+01       2.883e+02       0.000e+00       0.000e+00    1
       36      18       7.109e+01       8.112e+01       4.512e-03       5.470e-01    0
       36      19       6.638e+01       8.016e+01       4.363e-03       1.065e+00    0
       36      20       6.211e+01       7.909e+01       4.470e-03       6.861e-01    0
       36      21       5.817e+01       7.787e+01       4.040e-03       1.414e+00    0
       36      22       5.450e+01       7.647e+01       3.866e-03       1.708e+00    0
       36      23       5.099e+01       7.485e+01       4.148e-03       1.656e+00    0
       36      24       4.759e+01       7.297e+01       4.601e-03       1.685e+00    0
       36      25       4.422e+01       7.076e+01       4.766e-03       1.875e+00    0
       36      26       4.083e+01       6.812e+01       4.649e-03       1.455e+00    0
       36      27       3.738e+01       6.494e+01       5.055e-03       1.905e+00    0
       36      28       3.386e+01       6.106e+01       5.195e-03       1.445e+00    0
       36      29       3.028e+01       5.626e+01       6.164e-03       9.816e-01    0
       36      30       2.673e+01       5.029e+01       6.335e-03       1.091e+00    0
       36      31       2.337e+01       4.284e+01       6.655e-03       9.047e-01    0
       36      32       2.044e+01       3.365e+01       6.571e-03       1.057e+00    0
       36      33       1.827e+01       2.266e+01       6.173e-03       7.002e-01    0
       36      34       1.722e+01       1.032e+01       6.534e-03       3.376e-01    0
       36      35       1.749e+01       3.576e+02       6.647e-03       3.278e-01    0
       36      36       1.903e+01       3.457e+02       6.589e-03       3.525e-01    0
       36      37       2.154e+01       3.354e+02       5.826e-03       8.675e-01    0
       36      38       2.468e+01       3.270e+02       5.885e-03       1.050e+00    0
       36      39       2.815e+01       3.201e+02       5.529e-03       0.000e+00    1
       36      40       3.172e+01       3.147e+02       4.654e-03       0.000e+00    1
       36      41       3.528e+01       3.103e+02       4.584e-03       0.000e+00    1
       36      42       3.878e+01       3.067e+02       4.658e-03       0.000e+00    1
       36      43       4.220e+01       3.038e+02       4.466e-03       0.000e+00    1
       36      44       4.558e+01       3.013e+02       3.990e-03       0.000e+00    1
       36      45       4.895e+01       2.992e+02       3.933e-03       0.000e+00    1
       36      46       5.238e+01       2.975e+02       4.101e-03       0.000e+00    1
       36      47       5.595e+01       2.959e+02       4.531e-03       0.000e+00    1
       36      48       5.972e+01       2.946e+02       4.703e-03       0.000e+00    1
       36      49       6.378e+01       2.935e+02       5.147e-03       0.000e+00    1
       36      50       6.821e+01       2.924e+02       3.219e-03       0.000e+00    1
       36      51       7.311e+01       2.915e+02       0.000e+00       0.000e+00    1
       37      18       7.261e+01       7.790e+01       4.854e-03       3.241e-01    0
       37      19       6.785e+01       7.678e+01       4.973e-03       6.253e-01    0
       37      20       6.354e+01       7.552e+01       4.001e-03       1.021e+00    0
       37      21       5.959e+01       7.409e+01       4.374e-03       1.642e+00    0
       37      22       5.594e+01       7.247e+01       4.445e-03       1.104e+00    0
       37      23       5.249e+01       7.061e+01       3.787e-03       1.732e+00    0
       37      24       4.919e+01       6.847e+01       4.085e-03       2.220e+00    0
       37      25       4.598e+01       6.597e+01       4.522e-03       1.412e+00    0
       37      26       4.281e+01       6.304e+01       4.483e-03       1.887e+00    0
       37      27       3.965e+01       5.958e+01       4.808e-03       1.119e+00    0
       37      28       3.650e+01       5.546e+01       5.247e-03       1.187e+00    0
       37      29       3.339e+01       5.052e+01       5.611e-03       1.294e+00    0
       37      30       3.041e+01       4.459e+01       5.765e-03       1.295e+00    0
       37      31       2.767e+01       3.753e+01       5.620e-03       9.633e-01    0
       37      32       2.538e+01       2.925e+01       6.269e-03       5.293e-01    0
       37      33       2.374e+01       1.983e+01       6.567e-03       6.710e-01    0
       37      34       2.296e+01       9.624e+00       6.000e-03       5.723e-01    0
       37      35       2.316e+01       3.592e+02       6.233e-03       7.757e-01    0
       37      36       2.430e+01       3.493e+02       5.892e-03       7.839e-01    0
       37      37       2.623e+01       3.403e+02       5.908e-03       0.000e+00    1
       37      38       2.873e+01       3.325e+02       5.249e-03       0.000e+00    1
       37      39       3.158e+01       3.259e+02       4.829e-03       0.000e+00    1
       37      40       3.463e+01       3.204e+02       4.723e-03       0.000e+00    1
       37      41       3.776e+01       3.158e+02       4.585e-03       0.000e+00    1
       37      42       4.091e+01       3.120e+02       3.955e-03       0.000e+00    1
       37      43       4.408e+01       3.087e+02       4.148e-03       0.000e+00    1
       37      44       4.726e+01       3.060e+02       4.336e-03       0.000e+00    1
       37      45       5.050e+01       3.036e+02       4.530e-03       0.000e+00    1
       37      46       5.385e+01       3.016e+02       4.185e-03       0.000e+00    1
       37      47       5.737e+01       2.999e+02       4.342e-03       0.000e+00    1
       37      48       6.114e+01       2.983e+02       4.765e-03       0.000e+00    1
       37      49       6.522e+01       2.970e+02       4.912e-03       0.000e+00    1
       37      50       6.970e+01       2.958e+02       0.000e+00       0.000e+00    1
       37      51       7.467e+01       2.947e+02       0.000e+00       0.000e+00    1
       38      18       7.447e+01       7.481e+01       5.499e-03       4.054e-01    0
       38      19       6.963e+01       7.353e+01       4.780e-03       2.654e-01    0
       38      20       6.527e+01       7.211e+01       4.620e-03       7.743e-01    0
       38      21       6.130e+01       7.051e+01       4.204e-03       9.603e-01    0
       38      22       5.765e+01       6.870e+01       4.052e-03       1.032e+00    0
       38      23       5.425e+01       6.665e+01       4.141e-03       1.507e+00    0
       38      24       5.105e+01       6.431e+01       4.210e-03       2.122e+00    0
       38      25       4.797e+01       6.161e+01       4.031e-03       2.492e+00    0
       38      26       4.500e+01       5.850e+01       4.500e-03       1.246e+00    0
       38      27       4.210e+01       5.488e+01       4.487e-03       1.696e+00    0
       38      28       3.929e+01       5.067e+01       5.065e-03       9.745e-01    0
       38      29       3.659e+01       4.576e+01       4.820e-03       1.449e+00    0
       38      30       3.406e+01       4.005e+01       5.161e-03       1.412e+00    0
       38      31       3.182e+01       3.347e+01       5.472e-03       9.438e-01    0
       38      32       2.999e+01       2.602e+01       5.662e-03       7.570e-01    0
       38      33       2.871e+01       1.783e+01       5.590e-03       1.049e+00    0
       38      34       2.812e+01       9.143e+00       5.957e-03       4.753e-01    0
       38      35       2.827e+01       3.323e-01       5.392e-03       0.000e+00    1
       38      36       2.915e+01       3.518e+02       5.210e-03       0.000e+00    1
       38      37       3.066e+01       3.439e+02       5.243e-03       0.000e+00    1
       38      38       3.268e+01       3.368e+02       4.538e-03       0.000e+00    1
       38      39       3.505e+01       3.306e+02       4.963e-03       0.000e+00    1
       38      40       3.766e+01       3.252e+02       4.577e-03       0.000e+00    1
       38      41       4.041e+01       3.206e+02       4.152e-03       0.000e+00    1
       38      42       4.326e+01       3.166e+02       4.095e-03       0.000e+00    1
       38      43       4.618e+01       3.132e+02       4.037e-03       0.000e+00    1
       38      44       4.919e+01       3.103e+02       4.454e-03       0.000e+00    1
       38      45       5.231e+01       3.077e+02       3.854e-03       0.000e+00    1
       38      46       5.559e+01       3.055e+02       4.528e-03       0.000e+00    1
       38      47       5.908e+01       3.035e+02       4.688e-03       0.000e+00    1
       38      48       6.285e+01       3.018e+02       4.839e-03       0.000e+00    1
       38      49       6.696e+01       3.003e+02       4.666e-03       0.000e+00    1
       38      50       7.151e+01       2.989e+02       0.000e+00       0.000e+00    1
       39      19       7.174e+01       7.043e+01       4.854e-03       7.873e-01    0
       39      20       6.731e+01       6.887e+01       4.712e-03       8.564e-01    0
       39      21       6.330e+01       6.713e+01       4.300e-03       1.351e+00    0
       39      22       5.964e+01       6.518e+01       4.160e-03       1.081e+00    0
       39      23       5.627e+01       6.298e+01       4.274e-03       1.183e+00    0
       39      24       5.314e+01       6.050e+01       4.359e-03       1.348e+00    0
       39      25       5.018e+01       5.767e+01       4.423e-03       1.378e+00    0
       39      26       4.738e+01       5.446e+01       4.031e-03       1.325e+00    0
       39      27       4.471e+01       5.078e+01       4.522e-03       1.447e+00    0
       39      28       4.218e+01       4.659e+01       4.354e-03       8.985e-01    0
       39      29       3.980e+01       4.180e+01       4.807e-03       1.552e+00    0
       39      30       3.764e+01       3.638e+01       4.637e-03       8.166e-01    0
       39      31       3.577e+01       3.029e+01       4.904e-03       1.298e+00    0
       39      32       3.428e+01       2.358e+01       5.191e-03       1.045e+00    0
       39      33       3.326e+01       1.635e+01       5.328e-03       0.000e+00    1
       39      34       3.279e+01       8.790e+00       5.541e-03       0.000e+00    1
       39      35       3.291e+01       1.151e+00       5.016e-03       0.000e+00    1
       39      36       3.360e+01       3.537e+02       4.946e-03       0.000e+00    1
       39      37       3.483e+01       3.467e+02       4.706e-03       0.000e+00    1
       39      38       3.648e+01       3.402e+02       4.460e-03       0.000e+00    1
       39      39       3.848e+01       3.344e+02       4.635e-03       0.000e+00    1
       39      40       4.073e+01       3.292e+02       4.374e-03       0.000e+00    1
       39      41       4.318e+01       3.247e+02       4.106e-03       0.000e+00    1
       39      42       4.577e+01       3.207e+02       4.254e-03       0.000e+00    1
       39      43       4.849e+01       3.172e+02       4.176e-03       0.000e+00    1
       39      44       5.135e+01       3.142e+02       4.325e-03       0.000e+00    1
       39      45       5.437e+01       3.115e+02       4.484e-03       0.000e+00    1
       39      46       5.759e+01       3.091e+02       4.634e-03       0.000e+00    1
       39      47       6.107e+01       3.070e+02       4.496e-03       0.000e+00    1
       39      48       6.486e+01       3.051e+02       5.492e-03       0.000e+00    1
       39      49       6.903e+01       3.035e+02       0.000e+00       0.000e+00    1
       39      50       7.366e+01       3.020e+02       0.000e+00       0.000e+00    1
       40      19       7.421e+01       6.749e+01       4.647e-03       6.320e-01    0
       40      20       6.968e+01       6.582e+01       4.816e-03       6.885e-01    0
       40      21       6.561e+01       6.396e+01       4.674e-03       4.598e-01    0
       40      22       6.192e+01       6.190e+01       4.528e-03       8.973e-01    0
       40      23       5.855e+01       5.960e+01       4.396e-03       6.653e-01    0
       40      24       5.546e+01       5.702e+01       4.004e-03       1.379e+00    0
       40      25       5.260e+01       5.412e+01       4.122e-03       1.266e+00    0
       40      26       4.993e+01       5.087e+01       3.980e-03       9.981e-01    0
       40      27       4.744e+01       4.721e+01       4.304e-03       7.623e-01    0
       40      28       4.513e+01       4.309e+01       4.404e-03       1.148e+00    0
       40      29       4.302e+01       3.849e+01       4.270e-03       1.116e+00    0
       40      30       4.113e+01       3.337e+01       4.570e-03       1.141e+00    0
       40      31       3.954e+01       2.775e+01       4.695e-03       7.438e-01    0
       40      32       3.829e+01       2.166e+01       4.636e-03       5.535e-01    0
       40      33       3.745e+01       1.521e+01       4.012e-03       0.000e+00    1
       40      34       3.706e+01       8.520e+00       4.428e-03       0.000e+00    1
       40      35       3.716e+01       1.779e+00       4.843e-03       0.000e+00    1
       40      36       3.773e+01       3.552e+02       4.727e-03       0.000e+00    1
       40      37       3.875e+01       3.488e+02       4.628e-03       0.000e+00    1
       40      38       4.014e+01       3.429e+02       4.318e-03       0.000e+00    1
       40      39       4.186e+01       3.375e+02       4.009e-03       0.000e+00    1
       40      40       4.384e+01       3.326e+02       4.127e-03       0.000e+00    1
       40      41       4.603e+01       3.282e+02       4.030e-03       0.000e+00    1
       40      42       4.842e+01       3.243e+02       4.170e-03       0.000e+00    1
       40      43       5.098e+01       3.208e+02       4.571e-03       0.000e+00    1
       40      44       5.372e+01       3.177e+02       4.454e-03       0.000e+00    1
       40      45       5.667e+01       3.149e+02       4.051e-03       0.000e+00    1
       40      46       5.987e+01       3.124e+02       4.443e-03       0.000e+00    1
       40      47       6.336e+01       3.102e+02       4.854e-03       0.000e+00    1
       40      48       6.719e+01       3.083e+02       4.087e-03       0.000e+00    1
       40      49       7.144e+01       3.065e+02       0.000e+00       0.000e+00    1
       41      20       7.241e+01       6.295e+01       4.902e-03       7.494e-01    0
       41      21       6.824e+01       6.101e+01       4.782e-03       6.810e-01    0
       41      22       6.450e+01       5.886e+01       4.653e-03       5.528e-01    0
       41      23       6.111e+01       5.649e+01       3.724e-03       1.044e+00    0
       41      24       5.804e+01       5.386e+01       3.622e-03       1.259e+00    0
       41      25       5.523e+01       5.094e+01       4.527e-03       6.344e-01    0
       41      26       5.265e+01       4.769e+01       4.388e-03       5.438e-01    0
       41      27       5.030e+01       4.408e+01       4.270e-03       1.427e+00    0
       41      28       4.815e+01       4.009e+01       3.935e-03       1.021e+00    0
       41      29       4.623e+01       3.569e+01       4.304e-03       1.250e+00    0
       41      30       4.456e+01       3.089e+01       4.648e-03       1.198e+00    0
       41      31       4.316e+01       2.568e+01       4.144e-03       4.432e-01    0
       41      32       4.209e+01       2.013e+01       4.322e-03       9.386e-01    0
       41      33       4.137e+01       1.430e+01       4.062e-03       0.000e+00    1
       41      34       4.105e+01       8.308e+00       4.073e-03       0.000e+00    1
       41      35       4.113e+01       2.275e+00       4.341e-03       0.000e+00    1
       41      36       4.161e+01       3.563e+02       4.389e-03       0.000e+00    1
       41      37       4.248e+01       3.506e+02       4.243e-03       0.000e+00    1
       41      38       4.369e+01       3.452e+02       4.336e-03       0.000e+00    1
       41      39       4.520e+01       3.401e+02       4.213e-03       0.000e+00    1
       41      40       4.697e+01       3.355e+02       4.323e-03       0.000e+00    1
       41      41       4.899e+01       3.313e+02       3.945e-03       0.000e+00    1
       41      42       5.122e+01       3.274e+02       4.310e-03       0.000e+00    1
       41      43       5.366e+01       3.240e+02       3.924e-03       0.000e+00    1
       41      44       5.633e+01       3.209e+02       4.046e-03       0.000e+00    1
       41      45       5.924e+01       3.181e+02       4.425e-03       0.000e+00    1
       41      46       6.243e+01       3.155e+02       5.113e-03       0.000e+00    1
       41      47       6.596e+01       3.133e+02       4.946e-03       0.000e+00    1
       41      48       6.986e+01       3.112e+02       0.000e+00       0.000e+00    1
       41      49       7.421e+01       3.093e+02       0.000e+00       0.000e+00    1
       42      21       7.124e+01       5.825e+01       5.172e-03       4.363e-01    0
       42      22       6.741e+01       5.606e+01       4.773e-03       6.553e-01    0
       42      23       6.397e+01       5.364e+01       4.653e-03       6.425e-01    0
       42      24       6.088e+01       5.099e+01       4.528e-03       7.444e-01    0
       42      25       5.809e+01       4.807e+01       3.908e-03       6.181e-01    0
       42      26       5.557e+01       4.487e+01       4.064e-03       7.679e-01    0
       42      27       5.330e+01       4.135e+01       4.223e-03       1.087e+00    0
       42      28       5.127e+01       3.750e+01       4.372e-03       7.687e-01    0
       42      29       4.948e+01       3.331e+01       3.814e-03       8.309e-01    0
       42      30       4.795e+01       2.880e+01       4.220e-03       5.960e-01    0
       42      31       4.670e+01       2.397e+01       4.158e-03       8.718e-01    0
       42      32       4.575e+01       1.887e+01       4.116e-03       1.098e+00    0
       42      33       4.512e+01       1.356e+01       4.562e-03       0.000e+00    1
       42      34       4.484e+01       8.135e+00       4.562e-03       0.000e+00    1
       42      35       4.491e+01       2.676e+00       3.671e-03       0.000e+00    1
       42      36       4.533e+01       3.573e+02       4.179e-03       0.000e+00    1
       42      37       4.609e+01       3.521e+02       4.240e-03       0.000e+00    1
       42      38       4.717e+01       3.471e+02       4.326e-03       0.000e+00    1
       42      39       4.854e+01       3.424e+02       3.917e-03       0.000e+00    1
       42      40       5.017e+01       3.380e+02       4.259e-03       0.000e+00    1
       42      41       5.206e+01       3.339e+02       4.098e-03       0.000e+00    1
       42      42       5.418e+01       3.302e+02       4.209e-03       0.000e+00    1
       42      43       5.655e+01       3.268e+02       4.581e-03       0.000e+00    1
       42      44       5.918e+01       3.237e+02       4.416e-03       0.000e+00    1
       42      45       6.208e+01       3.209e+02       5.390e-03       0.000e+00    1
       42      46       6.531e+01       3.184e+02       4.640e-03       0.000e+00    1
       42      47       6.890e+01       3.160e+02       0.000e+00       0.000e+00    1
       42      48       7.290e+01       3.139e+02       0.000e+00       0.000e+00    1
       43      21       7.463e+01       5.569e+01       3.800e-03       3.407e-01    0
       43      22       7.069e+01       5.346e+01       4.893e-03       4.348e-01    0
       43      23       6.717e+01       5.104e+01       4.784e-03       4.777e-01    0
       43      24       6.403e+01       4.839e+01       4.954e-03       3.924e-01    0
       43      25       6.122e+01       4.550e+01       4.308e-03       6.206e-01    0
       43      26       5.871e+01       4.235e+01       4.215e-03       6.897e-01    0
       43      27       5.648e+01       3.894e+01       4.652e-03       7.934e-01    0
       43      28       5.452e+01       3.525e+01       3.802e-03       1.039e+00    0
       43      29       5.282e+01       3.127e+01       4.235e-03       7.624e-01    0
       43      30       5.139e+01       2.702e+01       3.933e-03       8.340e-01    0
       43      31       5.023e+01       2.253e+01       3.889e-03       6.573e-01    0
       43      32       4.935e+01       1.782e+01       4.103e-03       1.094e+00    0
       43      33       4.878e+01       1.295e+01       4.832e-03       0.000e+00    1
       43      34       4.853e+01       7.993e+00       4.343e-03       0.000e+00    1
       43      35       4.859e+01       3.008e+00       4.356e-03       0.000e+00    1
       43      36       4.898e+01       3.581e+02       4.151e-03       0.000e+00    1
       43      37       4.967e+01       3.533e+02       3.958e-03       0.000e+00    1
       43      38       5.066e+01       3.486e+02       3.767e-03       0.000e+00    1
       43      39       5.193e+01       3.442e+02       4.342e-03       0.000e+00    1
       43      40       5.347e+01       3.401e+02       4.169e-03       0.000e+00    1
       43      41       5.528e+01       3.362e+02       4.520e-03       0.000e+00    1
       43      42       5.735e+01       3.327e+02       4.342e-03       0.000e+00    1
       43      43       5.968e+01       3.294e+02       4.721e-03       0.000e+00    1
       43      44       6.231e+01       3.263e+02       5.106e-03       0.000e+00    1
       43      45       6.525e+01       3.235e+02       4.640e-03       0.000e+00    1
       43      46       6.854e+01       3.210e+02       0.000e+00       0.000e+00    1
       43      47       7.222e+01       3.186e+02       0.000e+00       0.000e+00    1
       44      22       7.438e+01       5.107e+01       3.510e-03       4.182e-01    0
       44      23       7.075e+01       4.865e+01       5.193e-03       1.541e-01    0
       44      24       6.752e+01       4.602e+01       4.534e-03       7.918e-01    0
       44      25       6.466e+01       4.318e+01       4.723e-03       6.836e-01    0
       44      26       6.213e+01       4.012e+01       4.094e-03       1.786e-01    0
       44      27       5.990e+01       3.681e+01       4.295e-03       2.864e-01    0
       44      28       5.797e+01       3.327e+01       4.484e-03       3.334e-01    0
       44      29       5.631e+01       2.950e+01       4.427e-03       4.560e-01    0
       44      30       5.492e+01       2.550e+01       4.110e-03       4.311e-01    0
       44      31       5.382e+01       2.130e+01       4.072e-03       6.401e-01    0
       44      32       5.300e+01       1.694e+01       4.821e-03       3.848e-01    0
       44      33       5.246e+01       1.244e+01       3.288e-03       0.000e+00    1
       44      34       5.222e+01       7.873e+00       3.805e-03       0.000e+00    1
       44      35       5.228e+01       3.288e+00       4.313e-03       0.000e+00    1
       44      36       5.264e+01       3.587e+02       4.090e-03       0.000e+00    1
       44      37       5.329e+01       3.543e+02       4.388e-03       0.000e+00    1
       44      38       5.423e+01       3.500e+02       4.446e-03       0.000e+00    1
       44      39       5.545e+01       3.459e+02       3.983e-03       0.000e+00    1
       44      40       5.694e+01       3.420e+02       4.315e-03       0.000e+00    1
       44      41       5.871e+01       3.383e+02       4.674e-03       0.000e+00    1
       44      42       6.076e+01       3.348e+02       4.477e-03       0.000e+00    1
       44      43       6.311e+01       3.316e+02       5.140e-03       0.000e+00    1
       44      44       6.577e+01       3.287e+02       4.647e-03       0.000e+00    1
       44      45       6.877e+01       3.259e+02       0.000e+00       0.000e+00    1
       44      46       7.215e+01       3.234e+02       0.000e+00       0.000e+00    1
       45      23       7.475e+01       4.646e+01       0.000e+00       0.000e+00    1
       45      24       7.141e+01       4.387e+01       4.941e-03       4.876e-01    0
       45      25       6.846e+01       4.109e+01       4.863e-03       2.096e-01    0
       45      26       6.587e+01       3.811e+01       5.076e-03       3.952e-01    0
       45      27       6.362e+01       3.493e+01       4.997e-03       2.013e-01    0
       45      28       6.167e+01       3.154e+01       4.380e-03       8.698e-01    0
       45      29       6.001e+01       2.796e+01       4.332e-03       2.352e-01    0
       45      30       5.865e+01       2.418e+01       4.011e-03       3.848e-01    0
       45      31       5.756e+01       2.025e+01       4.513e-03       1.739e-01    0
       45      32       5.676e+01       1.618e+01       4.241e-03       2.534e-01    0
       45      33       5.625e+01       1.200e+01       5.016e-03       0.000e+00    1
       45      34       5.602e+01       7.772e+00       4.500e-03       0.000e+00    1
       45      35       5.608e+01       3.525e+00       3.972e-03       0.000e+00    1
       45      36       5.642e+01       3.593e+02       4.262e-03       0.000e+00    1
       45      37       5.705e+01       3.552e+02       4.302e-03       0.000e+00    1
       45      38       5.796e+01       3.512e+02       4.075e-03       0.000e+00    1
       45      39       5.916e+01       3.473e+02       4.957e-03       0.000e+00    1
       45      40       6.064e+01       3.436e+02       4.745e-03       0.000e+00    1
       45      41       6.241e+01       3.401e+02       4.822e-03       0.000e+00    1
       45      42       6.448e+01       3.368e+02       5.183e-03       0.000e+00    1
       45      43       6.687e+01       3.337e+02       4.087e-03       0.000e+00    1
       45      44       6.960e+01       3.308e+02       0.000e+00       0.000e+00    1
       45      45       7.270e+01       3.281e+02       0.000e+00       0.000e+00    1
       46      25       7.269e+01       3.920e+01       3.509e-03       1.614e-01    0
       46      26       7.001e+01       3.631e+01       5.218e-03       3.068e-01    0
       46      27       6.769e+01       3.325e+01       4.586e-03       2.319e-01    0
       46      28       6.570e+01       3.000e+01       4.814e-03       2.762e-01    0
       46      29       6.402e+01       2.660e+01       4.765e-03       2.232e-01    0
       46      30       6.264e+01       2.303e+01       4.999e-03       3.736e-01    0
       46      31       6.155e+01       1.933e+01       4.420e-03       1.232e-01    0
       46      32       6.075e+01       1.552e+01       4.398e-03       3.117e-01    0
       46      33       6.024e+01       1.163e+01       4.398e-03       0.000e+00    1
       46      34       6.001e+01       7.684e+00       3.570e-03       0.000e+00    1
       46      35       6.007e+01       3.730e+00       4.688e-03       0.000e+00    1
       46      36       6.041e+01       3.598e+02       4.697e-03       0.000e+00    1
       46      37       6.104e+01       3.559e+02       5.022e-03       0.000e+00    1
       46      38       6.195e+01       3.522e+02       4.780e-03       0.000e+00    1
       46      39       6.315e+01       3.485e+02       4.555e-03       0.000e+00    1
       46      40       6.465e+01       3.450e+02       5.177e-03       0.000e+00    1
       46      41       6.646e+01       3.417e+02       4.663e-03       0.000e+00    1
       46      42       6.858e+01       3.385e+02       0.000e+00       0.000e+00    1
       46      43       7.104e+01       3.355e+02       0.000e+00       0.000e+00    1
       46      44       7.387e+01       3.327e+02       0.000e+00       0.000e+00    1
       47      26       7.461e+01       3.469e+01       0.000e+00       0.000e+00    1
       47      27       7.219e+01       3.174e+01       3.221e-03       2.519e-01    0
       47      28       7.013e+01       2.864e+01       4.661e-03       3.446e-01    0
       47      29       6.839e+01       2.539e+01       5.203e-03       1.576e-01    0
       47      30       6.698e+01       2.202e+01       4.891e-03       2.266e-01    0
       47      31       6.587e+01       1.853e+01       5.433e-03       2.054e-01    0
       47      32       6.505e+01       1.495e+01       4.264e-03       2.655e-01    0
       47      33       6.453e+01       1.130e+01       5.686e-03       0.000e+00    1
       47      34       6.430e+01       7.607e+00       4.264e-03       0.000e+00    1
       47      35       6.436e+01       3.909e+00       5.127e-03       0.000e+00    1
       47      36       6.471e+01       2.320e-01       5.161e-03       0.000e+00    1
       47      37       6.534e+01       3.566e+02       4.898e-03       0.000e+00    1
       47      38       6.628e+01       3.531e+02       5.221e-03       0.000e+00    1
       47      39       6.751e+01       3.496e+02       4.379e-03       0.000e+00    1
       47      40       6.905e+01       3.463e+02       0.000e+00       0.000e+00    1
       47      41       7.092e+01       3.431e+02       0.000e+00       0.000e+00    1
       47      42       7.312e+01       3.401e+02       0.000e+00       0.000e+00    1
       48      29       7.324e+01       2.432e+01       0.000e+00       0.000e+00    1
       48      30       7.176e+01       2.112e+01       0.000e+00       0.000e+00    1
       48      31       7.061e+01       1.782e+01       0.000e+00       0.000e+00    1
       48      32       6.976e+01       1.444e+01       3.504e-03       2.655e-01    0
       48      33       6.922e+01       1.101e+01       4.672e-03       0.000e+00    1
       48      34       6.899e+01       7.540e+00       3.504e-03       0.000e+00    1
       48      35       6.905e+01       4.066e+00       3.215e-03       0.000e+00    1
       48      36       6.940e+01       6.095e-01       0.000e+00       0.000e+00    1
       48      37       7.006e+01       3.572e+02       0.000e+00       0.000e+00    1
       48      38       7.103e+01       3.538e+02       0.000e+00       0.000e+00    1
       48      39       7.231e+01       3.506e+02       0.000e+00       0.000e+00    1
       48      40       7.392e+01       3.474e+02       0.000e+00       0.000e+00    1
       49      32       7.498e+01       1.399e+01       0.000e+00       0.000e+00    1
       49      33       7.442e+01       1.075e+01       0.000e+00       0.000e+00    1
       49      34       7.417e+01       7.481e+00       0.000e+00       0.000e+00    1
       49      35       7.423e+01       4.205e+00       0.000e+00       0.000e+00    1
       49      36       7.460e+01       9.442e-01       0.000e+00       0.000e+00    1
